16
29
43
44
45
86
112
158
176
179
184
200
207
218
247
267
275
292
303
350
354
363
405
413
438
454
478
489
493
500
504
506
538
567
573
598
614
625
635
637
650
653
669
673
675
698
700
706
707
715
716
733
759
787
800
802
803
804
832
833
843
846
889
892
897
915
925
951
959
993
998
1031
1043
1044
1077
1090
1147
1170
1182
1237
1240
1256
1261
1266
1267
1285
1286
1307
1309
1311
1314
1316
1321
1351
1369
1370
1388
1396
1404
1405
1408
1411
1412
1413
1480
1483
1486
1499
1501
1505
1516
1517
1518
1527
1538
1539
1540
1554
1555
1557
1561
1563
1564
1586
1588
1592
1596
1597
1600
1603
1604
1606
1607
1611
1612
1624
1631
1636
1637
1640
1648
1649
1651
1653
1659
1661
1665
1666
1670
1672
1673
1680
1682
1683
1686
1687
1689
1691
1694
1702
1704
1706
1712
1720
1721
1727
1729
1730
1734
1735
1740
1744
1747
1748
1749
1750
1751
1753
1757
1758
1759
1760
1761
1762
1763
1764
1765
1769
1770
1772
1775
1779
1780
1782
1783
1790
1794
1813
1821
1850
1862
1875
1891
1909
1930
1966
1978
1979
1996
2002
2021
2046
2060
2070
2075
2098
2104
2120
2121
2128
2140
2148
2156
2190
2205
2216
2230
2247
2264
2335
2336
2344
2372
2378
2409
2420
2511
2528
2543
2582
2583
2596
2609
2614
2615
2642
2683
2691
2727
2931
2941
2972
3013
3016
3017
3032
3043
3082
3090
3097
3109
3127
3139
3151
3160
3186
3203
3205
3211
3212
3216
3217
3218
3219
3220
3222
3230
3233
3236
3237
3238
3239
3243
3244
3245
3248
3249
3250
3253
3254
3255
3257
3326
3381
4890
5001
5021
5564
5730
7002
7004
7016
7020
7021
7024
7025
7502
7503
7508
7511
7513
7514
7520
8117
8231
8415
8416
8431
8434
8542
8826
9011
9021
9032
9051
9061
9071
9081
9091
9101
9111
9121
9131
9141
9151
9161
9171
9181
9191
9201
9211
9221
9231
9241
9261
9281
9291
9301
9311
9321
9331
9341
9351
9361
9371
9383
9401
9411
9421
9441
9451
9461
9471
9491
9501
9521
9531
9561
9581
9591
9601
9613
9621
9631
9641
9651
9661
9691
9711
9721
9761
9791
9801
9811
9821
9831
9841
9851
9871
9891
16110
21200
25960
30900