16
18
29
43
44
45
86
112
158
176
184
200
214
218
247
275
292
303
306
379
394
405
413
440
454
468
478
489
493
500
509
538
573
627
637
653
669
675
716
733
749
759
771
783
787
843
892
897
901
915
919
953
959
993
998
1031
1043
1049
1050
1057
1060
1069
1072
1077
1090
1140
1147
1170
1182
1203
1225
1232
1247
1256
1257
1261
1266
1267
1285
1286
1307
1311
1316
1341
1351
1388
1396
1404
1405
1408
1411
1412
1413
1424
1431
1468
1480
1483
1486
1487
1499
1501
1505
1512
1513
1516
1517
1518
1527
1534
1536
1539
1555
1557
1558
1565
1580
1586
1589
1596
1597
1605
1606
1607
1611
1612
1619
1621
1631
1659
1671
1672
1679
1686
1700
1702
1760
1790
1794
1801
1821
1843
1875
1880
1909
1922
1923
1930
1938
1944
1951
1961
1978
1979
1980
1982
1987
1996
2002
2021
2025
2046
2060
2089
2098
2120
2121
2128
2147
2148
2149
2150
2156
2190
2198
2205
2216
2219
2247
2250
2257
2264
2272
2328
2332
2335
2336
2345
2360
2372
2389
2405
2412
2420
2480
2494
2511
2528
2534
2535
2543
2583
2596
2603
2609
2614
2631
2642
2658
2668
2683
2691
2697
2701
2702
2704
2727
2728
2766
2768
2847
2870
2931
2941
2964
2972
2978
3013
3016
3017
3028
3032
3043
3090
3097
3105
3107
3109
3123
3127
3128
3140
3144
3168
3203
3204
3205
3206
3207
3210
3212
3213
3216
3217
3218
3219
3220
3221
3222
3223
3224
3225
3228
3229
3230
3232
3233
3235
3236
3237
3238
3239
3241
3242
3243
3244
3245
3248
3249
3250
3251
3252
3253
3254
3255
5521
5554
5555
7001
7002
7004
7005
7009
7010
7017
7018
7019
7020
7024
7025
7026
7027
7028
7501
7502
7503
7508
7513
7514
7520
8112
8113
8114
8115
8116
8117
8211
8212
8214
8216
8221
8231
8233
8234
8241
8243
8244
8251
8252
8262
8311
8313
8412
8414
8415
8416
8421
8422
8431
8432
8433
8434
8435
8522
8523
8525
8526
8531
8532
8534
8535
8541
8542
8721
8722
8723
8731
8733
8734
8741
8821
8822
8825
8826
8831
8832
8912
9011
9021
9022
9032
9041
9051
9061
9062
9071
9081
9091
9101
9111
9112
9121
9131
9141
9142
9151
9161
9171
9181
9182
9191
9201
9202
9211
9221
9222
9231
9232
9241
9261
9272
9273
9281
9283
9291
9292
9301
9302
9311
9321
9331
9341
9351
9352
9361
9362
9371
9372
9374
9383
9401
9411
9412
9413
9421
9422
9441
9442
9444
9451
9452
9456
9461
9471
9472
9491
9492
9493
9494
9497
9501
9502
9521
9531
9532
9561
9562
9581
9591
9592
9601
9602
9603
9612
9613
9621
9622
9631
9641
9651
9661
9691
9711
9712
9721
9722
9723
9725
9761
9762
9791
9801
9802
9811
9821
9831
9841
9851
9852
9853
9862
9871
9891
9971
9972
